{
    "forwardcam000": {
        "parameters": {
            "resx": 960,
            "resy": 540,
            "focal": 1158.821285615648,
            "aperture": 41.4214
        },
        "extrinsic_matrix": [
            [
                0.5000000000000001,
                0.0,
                0.8660254037844386,
                0.0
            ],
            [
                0.0,
                1.0,
                0.0,
                0.0
            ],
            [
                -0.8660254037844386,
                0.0,
                0.5000000000000001,
                0.0
            ],
            [
                -2.598076211353316,
                0.0,
                1.5000000000000004,
                1.0
            ]
        ]
    },
    "forwardcam001": {
        "parameters": {
            "resx": 960,
            "resy": 540,
            "focal": 1158.821285615648,
            "aperture": 41.4214
        },
        "extrinsic_matrix": [
            [
                0.6427876096865394,
                0.0,
                0.766044443118978,
                0.0
            ],
            [
                0.0,
                1.0,
                0.0,
                0.0
            ],
            [
                -0.766044443118978,
                0.0,
                0.6427876096865394,
                0.0
            ],
            [
                -2.298133329356934,
                0.0,
                1.9283628290596182,
                1.0
            ]
        ]
    },
    "forwardcam002": {
        "parameters": {
            "resx": 960,
            "resy": 540,
            "focal": 1158.821285615648,
            "aperture": 41.4214
        },
        "extrinsic_matrix": [
            [
                0.766044443118978,
                0.0,
                0.6427876096865393,
                0.0
            ],
            [
                0.0,
                1.0,
                0.0,
                0.0
            ],
            [
                -0.6427876096865393,
                0.0,
                0.766044443118978,
                0.0
            ],
            [
                -1.9283628290596178,
                0.0,
                2.298133329356934,
                1.0
            ]
        ]
    },
    "forwardcam003": {
        "parameters": {
            "resx": 960,
            "resy": 540,
            "focal": 1158.821285615648,
            "aperture": 41.4214
        },
        "extrinsic_matrix": [
            [
                0.8660254037844387,
                0.0,
                0.49999999999999994,
                0.0
            ],
            [
                0.0,
                1.0,
                0.0,
                0.0
            ],
            [
                -0.49999999999999994,
                0.0,
                0.8660254037844387,
                0.0
            ],
            [
                -1.4999999999999998,
                0.0,
                2.598076211353316,
                1.0
            ]
        ]
    },
    "forwardcam004": {
        "parameters": {
            "resx": 960,
            "resy": 540,
            "focal": 1158.821285615648,
            "aperture": 41.4214
        },
        "extrinsic_matrix": [
            [
                0.9396926207859084,
                0.0,
                0.3420201433256687,
                0.0
            ],
            [
                0.0,
                1.0,
                0.0,
                0.0
            ],
            [
                -0.3420201433256687,
                0.0,
                0.9396926207859084,
                0.0
            ],
            [
                -1.0260604299770062,
                0.0,
                2.8190778623577253,
                1.0
            ]
        ]
    },
    "forwardcam005": {
        "parameters": {
            "resx": 960,
            "resy": 540,
            "focal": 1158.821285615648,
            "aperture": 41.4214
        },
        "extrinsic_matrix": [
            [
                0.984807753012208,
                0.0,
                0.17364817766693036,
                0.0
            ],
            [
                0.0,
                1.0,
                0.0,
                0.0
            ],
            [
                -0.17364817766693036,
                0.0,
                0.984807753012208,
                0.0
            ],
            [
                -0.520944533000791,
                0.0,
                2.954423259036624,
                1.0
            ]
        ]
    },
    "forwardcam006": {
        "parameters": {
            "resx": 960,
            "resy": 540,
            "focal": 1158.821285615648,
            "aperture": 41.4214
        },
        "extrinsic_matrix": [
            [
                1.0,
                0.0,
                0.0,
                0.0
            ],
            [
                0.0,
                1.0,
                0.0,
                0.0
            ],
            [
                0.0,
                0.0,
                1.0,
                0.0
            ],
            [
                0.0,
                0.0,
                3.0,
                1.0
            ]
        ]
    },
    "forwardcam007": {
        "parameters": {
            "resx": 960,
            "resy": 540,
            "focal": 1158.821285615648,
            "aperture": 41.4214
        },
        "extrinsic_matrix": [
            [
                0.984807753012208,
                0.0,
                -0.17364817766693036,
                0.0
            ],
            [
                0.0,
                1.0,
                0.0,
                0.0
            ],
            [
                0.17364817766693036,
                0.0,
                0.984807753012208,
                0.0
            ],
            [
                0.520944533000791,
                0.0,
                2.954423259036624,
                1.0
            ]
        ]
    },
    "forwardcam008": {
        "parameters": {
            "resx": 960,
            "resy": 540,
            "focal": 1158.821285615648,
            "aperture": 41.4214
        },
        "extrinsic_matrix": [
            [
                0.9396926207859084,
                0.0,
                -0.3420201433256687,
                0.0
            ],
            [
                0.0,
                1.0,
                0.0,
                0.0
            ],
            [
                0.3420201433256687,
                0.0,
                0.9396926207859084,
                0.0
            ],
            [
                1.0260604299770062,
                0.0,
                2.8190778623577253,
                1.0
            ]
        ]
    },
    "forwardcam009": {
        "parameters": {
            "resx": 960,
            "resy": 540,
            "focal": 1158.821285615648,
            "aperture": 41.4214
        },
        "extrinsic_matrix": [
            [
                0.8660254037844387,
                0.0,
                -0.49999999999999994,
                0.0
            ],
            [
                0.0,
                1.0,
                0.0,
                0.0
            ],
            [
                0.49999999999999994,
                0.0,
                0.8660254037844387,
                0.0
            ],
            [
                1.4999999999999998,
                0.0,
                2.598076211353316,
                1.0
            ]
        ]
    },
    "forwardcam010": {
        "parameters": {
            "resx": 960,
            "resy": 540,
            "focal": 1158.821285615648,
            "aperture": 41.4214
        },
        "extrinsic_matrix": [
            [
                0.766044443118978,
                0.0,
                -0.6427876096865393,
                0.0
            ],
            [
                0.0,
                1.0,
                0.0,
                0.0
            ],
            [
                0.6427876096865393,
                0.0,
                0.766044443118978,
                0.0
            ],
            [
                1.9283628290596178,
                0.0,
                2.298133329356934,
                1.0
            ]
        ]
    },
    "forwardcam011": {
        "parameters": {
            "resx": 960,
            "resy": 540,
            "focal": 1158.821285615648,
            "aperture": 41.4214
        },
        "extrinsic_matrix": [
            [
                0.6427876096865394,
                0.0,
                -0.766044443118978,
                0.0
            ],
            [
                0.0,
                1.0,
                0.0,
                0.0
            ],
            [
                0.766044443118978,
                0.0,
                0.6427876096865394,
                0.0
            ],
            [
                2.298133329356934,
                0.0,
                1.9283628290596182,
                1.0
            ]
        ]
    },
    "forwardcam012": {
        "parameters": {
            "resx": 960,
            "resy": 540,
            "focal": 1158.821285615648,
            "aperture": 41.4214
        },
        "extrinsic_matrix": [
            [
                0.5000000000000001,
                0.0,
                -0.8660254037844386,
                0.0
            ],
            [
                0.0,
                1.0,
                0.0,
                0.0
            ],
            [
                0.8660254037844386,
                0.0,
                0.5000000000000001,
                0.0
            ],
            [
                2.598076211353316,
                0.0,
                1.5000000000000004,
                1.0
            ]
        ]
    },
    "forwardcam013": {
        "parameters": {
            "resx": 960,
            "resy": 540,
            "focal": 1158.821285615648,
            "aperture": 41.4214
        },
        "extrinsic_matrix": [
            [
                0.5000000000000001,
                0.0,
                0.8660254037844386,
                0.0
            ],
            [
                0.07547908730517332,
                0.9961946980917455,
                -0.04357787137382909,
                0.0
            ],
            [
                -0.8627299156628209,
                0.08715574274765817,
                0.4980973490458729,
                0.0
            ],
            [
                -2.5881897469884625,
                0.2614672282429745,
                1.4942920471376187,
                1.0
            ]
        ]
    },
    "forwardcam014": {
        "parameters": {
            "resx": 960,
            "resy": 540,
            "focal": 1158.821285615648,
            "aperture": 41.4214
        },
        "extrinsic_matrix": [
            [
                0.6427876096865394,
                0.0,
                0.766044443118978,
                0.0
            ],
            [
                0.0667651724177507,
                0.9961946980917455,
                -0.056022631551222134,
                0.0
            ],
            [
                -0.7631294127377697,
                0.08715574274765817,
                0.6403416087687969,
                0.0
            ],
            [
                -2.2893882382133093,
                0.2614672282429745,
                1.9210248263063907,
                1.0
            ]
        ]
    },
    "forwardcam015": {
        "parameters": {
            "resx": 960,
            "resy": 540,
            "focal": 1158.821285615648,
            "aperture": 41.4214
        },
        "extrinsic_matrix": [
            [
                0.7660444431189781,
                0.0,
                0.6427876096865393,
                0.0
            ],
            [
                0.05602263155122212,
                0.9961946980917455,
                -0.06676517241775072,
                0.0
            ],
            [
                -0.6403416087687968,
                0.08715574274765817,
                0.7631294127377698,
                0.0
            ],
            [
                -1.9210248263063903,
                0.2614672282429745,
                2.2893882382133093,
                1.0
            ]
        ]
    },
    "forwardcam016": {
        "parameters": {
            "resx": 960,
            "resy": 540,
            "focal": 1158.821285615648,
            "aperture": 41.4214
        },
        "extrinsic_matrix": [
            [
                0.8660254037844387,
                0.0,
                0.49999999999999994,
                0.0
            ],
            [
                0.043577871373829076,
                0.9961946980917455,
                -0.07547908730517333,
                0.0
            ],
            [
                -0.4980973490458727,
                0.08715574274765817,
                0.862729915662821,
                0.0
            ],
            [
                -1.4942920471376182,
                0.2614672282429745,
                2.588189746988463,
                1.0
            ]
        ]
    },
    "forwardcam017": {
        "parameters": {
            "resx": 960,
            "resy": 540,
            "focal": 1158.821285615648,
            "aperture": 41.4214
        },
        "extrinsic_matrix": [
            [
                0.9396926207859084,
                0.0,
                0.3420201433256687,
                0.0
            ],
            [
                0.029809019626209157,
                0.9961946980917455,
                -0.08189960831908934,
                0.0
            ],
            [
                -0.34071865342161006,
                0.08715574274765817,
                0.9361168066628592,
                0.0
            ],
            [
                -1.0221559602648302,
                0.2614672282429745,
                2.8083504199885776,
                1.0
            ]
        ]
    },
    "forwardcam018": {
        "parameters": {
            "resx": 960,
            "resy": 540,
            "focal": 1158.821285615648,
            "aperture": 41.4214
        },
        "extrinsic_matrix": [
            [
                0.984807753012208,
                0.0,
                0.17364817766693033,
                0.0
            ],
            [
                0.01513443590133862,
                0.9961946980917455,
                -0.08583165117743129,
                0.0
            ],
            [
                -0.17298739392508944,
                0.08715574274765817,
                0.9810602621904069,
                0.0
            ],
            [
                -0.5189621817752684,
                0.2614672282429745,
                2.943180786571221,
                1.0
            ]
        ]
    },
    "forwardcam019": {
        "parameters": {
            "resx": 960,
            "resy": 540,
            "focal": 1158.821285615648,
            "aperture": 41.4214
        },
        "extrinsic_matrix": [
            [
                1.0,
                0.0,
                0.0,
                0.0
            ],
            [
                0.0,
                0.9961946980917455,
                -0.08715574274765817,
                0.0
            ],
            [
                0.0,
                0.08715574274765817,
                0.9961946980917455,
                0.0
            ],
            [
                0.0,
                0.2614672282429745,
                2.988584094275237,
                1.0
            ]
        ]
    },
    "forwardcam020": {
        "parameters": {
            "resx": 960,
            "resy": 540,
            "focal": 1158.821285615648,
            "aperture": 41.4214
        },
        "extrinsic_matrix": [
            [
                0.984807753012208,
                0.0,
                -0.17364817766693033,
                0.0
            ],
            [
                -0.01513443590133862,
                0.9961946980917455,
                -0.08583165117743129,
                0.0
            ],
            [
                0.17298739392508944,
                0.08715574274765817,
                0.9810602621904069,
                0.0
            ],
            [
                0.5189621817752684,
                0.2614672282429745,
                2.943180786571221,
                1.0
            ]
        ]
    },
    "forwardcam021": {
        "parameters": {
            "resx": 960,
            "resy": 540,
            "focal": 1158.821285615648,
            "aperture": 41.4214
        },
        "extrinsic_matrix": [
            [
                0.9396926207859084,
                0.0,
                -0.3420201433256687,
                0.0
            ],
            [
                -0.029809019626209157,
                0.9961946980917455,
                -0.08189960831908934,
                0.0
            ],
            [
                0.34071865342161006,
                0.08715574274765817,
                0.9361168066628592,
                0.0
            ],
            [
                1.0221559602648302,
                0.2614672282429745,
                2.8083504199885776,
                1.0
            ]
        ]
    },
    "forwardcam022": {
        "parameters": {
            "resx": 960,
            "resy": 540,
            "focal": 1158.821285615648,
            "aperture": 41.4214
        },
        "extrinsic_matrix": [
            [
                0.8660254037844387,
                0.0,
                -0.49999999999999994,
                0.0
            ],
            [
                -0.043577871373829076,
                0.9961946980917455,
                -0.07547908730517333,
                0.0
            ],
            [
                0.4980973490458727,
                0.08715574274765817,
                0.862729915662821,
                0.0
            ],
            [
                1.4942920471376182,
                0.2614672282429745,
                2.588189746988463,
                1.0
            ]
        ]
    },
    "forwardcam023": {
        "parameters": {
            "resx": 960,
            "resy": 540,
            "focal": 1158.821285615648,
            "aperture": 41.4214
        },
        "extrinsic_matrix": [
            [
                0.7660444431189781,
                0.0,
                -0.6427876096865393,
                0.0
            ],
            [
                -0.05602263155122212,
                0.9961946980917455,
                -0.06676517241775072,
                0.0
            ],
            [
                0.6403416087687968,
                0.08715574274765817,
                0.7631294127377698,
                0.0
            ],
            [
                1.9210248263063903,
                0.2614672282429745,
                2.2893882382133093,
                1.0
            ]
        ]
    },
    "forwardcam024": {
        "parameters": {
            "resx": 960,
            "resy": 540,
            "focal": 1158.821285615648,
            "aperture": 41.4214
        },
        "extrinsic_matrix": [
            [
                0.6427876096865394,
                0.0,
                -0.766044443118978,
                0.0
            ],
            [
                -0.0667651724177507,
                0.9961946980917455,
                -0.056022631551222134,
                0.0
            ],
            [
                0.7631294127377697,
                0.08715574274765817,
                0.6403416087687969,
                0.0
            ],
            [
                2.2893882382133093,
                0.2614672282429745,
                1.9210248263063907,
                1.0
            ]
        ]
    },
    "forwardcam025": {
        "parameters": {
            "resx": 960,
            "resy": 540,
            "focal": 1158.821285615648,
            "aperture": 41.4214
        },
        "extrinsic_matrix": [
            [
                0.5000000000000001,
                0.0,
                -0.8660254037844386,
                0.0
            ],
            [
                -0.07547908730517332,
                0.9961946980917455,
                -0.04357787137382909,
                0.0
            ],
            [
                0.8627299156628209,
                0.08715574274765817,
                0.4980973490458729,
                0.0
            ],
            [
                2.5881897469884625,
                0.2614672282429745,
                1.4942920471376187,
                1.0
            ]
        ]
    },
    "forwardcam026": {
        "parameters": {
            "resx": 960,
            "resy": 540,
            "focal": 1158.821285615648,
            "aperture": 41.4214
        },
        "extrinsic_matrix": [
            [
                0.5000000000000001,
                0.0,
                0.8660254037844386,
                0.0
            ],
            [
                0.1503837331804353,
                0.984807753012208,
                -0.0868240888334652,
                0.0
            ],
            [
                -0.8528685319524432,
                0.17364817766693036,
                0.4924038765061041,
                0.0
            ],
            [
                -2.5586055958573293,
                0.520944533000791,
                1.4772116295183122,
                1.0
            ]
        ]
    },
    "forwardcam027": {
        "parameters": {
            "resx": 960,
            "resy": 540,
            "focal": 1158.821285615648,
            "aperture": 41.4214
        },
        "extrinsic_matrix": [
            [
                0.6427876096865394,
                0.0,
                0.766044443118978,
                0.0
            ],
            [
                0.13302222155948903,
                0.984807753012208,
                -0.11161889704894967,
                0.0
            ],
            [
                -0.7544065067354889,
                0.17364817766693036,
                0.6330222215594891,
                0.0
            ],
            [
                -2.2632195202064667,
                0.520944533000791,
                1.899066664678467,
                1.0
            ]
        ]
    },
    "forwardcam028": {
        "parameters": {
            "resx": 960,
            "resy": 540,
            "focal": 1158.821285615648,
            "aperture": 41.4214
        },
        "extrinsic_matrix": [
            [
                0.766044443118978,
                0.0,
                0.6427876096865393,
                0.0
            ],
            [
                0.11161889704894966,
                0.984807753012208,
                -0.13302222155948903,
                0.0
            ],
            [
                -0.633022221559489,
                0.17364817766693036,
                0.7544065067354889,
                0.0
            ],
            [
                -1.8990666646784666,
                0.520944533000791,
                2.2632195202064667,
                1.0
            ]
        ]
    },
    "forwardcam029": {
        "parameters": {
            "resx": 960,
            "resy": 540,
            "focal": 1158.821285615648,
            "aperture": 41.4214
        },
        "extrinsic_matrix": [
            [
                0.8660254037844387,
                0.0,
                0.49999999999999983,
                0.0
            ],
            [
                0.08682408883346514,
                0.984807753012208,
                -0.1503837331804353,
                0.0
            ],
            [
                -0.49240387650610384,
                0.17364817766693033,
                0.8528685319524433,
                0.0
            ],
            [
                -1.4772116295183118,
                0.520944533000791,
                2.5586055958573297,
                1.0
            ]
        ]
    },
    "forwardcam030": {
        "parameters": {
            "resx": 960,
            "resy": 540,
            "focal": 1158.821285615648,
            "aperture": 41.4214
        },
        "extrinsic_matrix": [
            [
                0.9396926207859084,
                0.0,
                0.3420201433256687,
                0.0
            ],
            [
                0.059391174613884705,
                0.984807753012208,
                -0.16317591116653485,
                0.0
            ],
            [
                -0.33682408883346515,
                0.17364817766693036,
                0.9254165783983234,
                0.0
            ],
            [
                -1.0104722665003953,
                0.520944533000791,
                2.7762497351949698,
                1.0
            ]
        ]
    },
    "forwardcam031": {
        "parameters": {
            "resx": 960,
            "resy": 540,
            "focal": 1158.821285615648,
            "aperture": 41.4214
        },
        "extrinsic_matrix": [
            [
                0.984807753012208,
                0.0,
                0.1736481776669303,
                0.0
            ],
            [
                0.030153689607045803,
                0.984807753012208,
                -0.17101007166283436,
                0.0
            ],
            [
                -0.17101007166283433,
                0.17364817766693036,
                0.9698463103929541,
                0.0
            ],
            [
                -0.513030214988503,
                0.520944533000791,
                2.9095389311788624,
                1.0
            ]
        ]
    },
    "forwardcam032": {
        "parameters": {
            "resx": 960,
            "resy": 540,
            "focal": 1158.821285615648,
            "aperture": 41.4214
        },
        "extrinsic_matrix": [
            [
                1.0,
                0.0,
                0.0,
                0.0
            ],
            [
                0.0,
                0.984807753012208,
                -0.17364817766693036,
                0.0
            ],
            [
                0.0,
                0.17364817766693036,
                0.984807753012208,
                0.0
            ],
            [
                0.0,
                0.520944533000791,
                2.954423259036624,
                1.0
            ]
        ]
    },
    "forwardcam033": {
        "parameters": {
            "resx": 960,
            "resy": 540,
            "focal": 1158.821285615648,
            "aperture": 41.4214
        },
        "extrinsic_matrix": [
            [
                0.984807753012208,
                0.0,
                -0.1736481776669303,
                0.0
            ],
            [
                -0.030153689607045803,
                0.984807753012208,
                -0.17101007166283436,
                0.0
            ],
            [
                0.17101007166283433,
                0.17364817766693036,
                0.9698463103929541,
                0.0
            ],
            [
                0.513030214988503,
                0.520944533000791,
                2.9095389311788624,
                1.0
            ]
        ]
    },
    "forwardcam034": {
        "parameters": {
            "resx": 960,
            "resy": 540,
            "focal": 1158.821285615648,
            "aperture": 41.4214
        },
        "extrinsic_matrix": [
            [
                0.9396926207859084,
                0.0,
                -0.3420201433256687,
                0.0
            ],
            [
                -0.059391174613884705,
                0.984807753012208,
                -0.16317591116653485,
                0.0
            ],
            [
                0.33682408883346515,
                0.17364817766693036,
                0.9254165783983234,
                0.0
            ],
            [
                1.0104722665003953,
                0.520944533000791,
                2.7762497351949698,
                1.0
            ]
        ]
    },
    "forwardcam035": {
        "parameters": {
            "resx": 960,
            "resy": 540,
            "focal": 1158.821285615648,
            "aperture": 41.4214
        },
        "extrinsic_matrix": [
            [
                0.8660254037844387,
                0.0,
                -0.49999999999999983,
                0.0
            ],
            [
                -0.08682408883346514,
                0.984807753012208,
                -0.1503837331804353,
                0.0
            ],
            [
                0.49240387650610384,
                0.17364817766693033,
                0.8528685319524433,
                0.0
            ],
            [
                1.4772116295183118,
                0.520944533000791,
                2.5586055958573297,
                1.0
            ]
        ]
    },
    "forwardcam036": {
        "parameters": {
            "resx": 960,
            "resy": 540,
            "focal": 1158.821285615648,
            "aperture": 41.4214
        },
        "extrinsic_matrix": [
            [
                0.766044443118978,
                0.0,
                -0.6427876096865393,
                0.0
            ],
            [
                -0.11161889704894966,
                0.984807753012208,
                -0.13302222155948903,
                0.0
            ],
            [
                0.633022221559489,
                0.17364817766693036,
                0.7544065067354889,
                0.0
            ],
            [
                1.8990666646784666,
                0.520944533000791,
                2.2632195202064667,
                1.0
            ]
        ]
    },
    "forwardcam037": {
        "parameters": {
            "resx": 960,
            "resy": 540,
            "focal": 1158.821285615648,
            "aperture": 41.4214
        },
        "extrinsic_matrix": [
            [
                0.6427876096865394,
                0.0,
                -0.766044443118978,
                0.0
            ],
            [
                -0.13302222155948903,
                0.984807753012208,
                -0.11161889704894967,
                0.0
            ],
            [
                0.7544065067354889,
                0.17364817766693036,
                0.6330222215594891,
                0.0
            ],
            [
                2.2632195202064667,
                0.520944533000791,
                1.899066664678467,
                1.0
            ]
        ]
    },
    "forwardcam038": {
        "parameters": {
            "resx": 960,
            "resy": 540,
            "focal": 1158.821285615648,
            "aperture": 41.4214
        },
        "extrinsic_matrix": [
            [
                0.5000000000000001,
                0.0,
                -0.8660254037844386,
                0.0
            ],
            [
                -0.1503837331804353,
                0.984807753012208,
                -0.0868240888334652,
                0.0
            ],
            [
                0.8528685319524432,
                0.17364817766693036,
                0.4924038765061041,
                0.0
            ],
            [
                2.5586055958573293,
                0.520944533000791,
                1.4772116295183122,
                1.0
            ]
        ]
    },
    "forwardcam039": {
        "parameters": {
            "resx": 960,
            "resy": 540,
            "focal": 1158.821285615648,
            "aperture": 41.4214
        },
        "extrinsic_matrix": [
            [
                0.5000000000000001,
                0.0,
                0.8660254037844386,
                0.0
            ],
            [
                0.22414386804201336,
                0.9659258262890683,
                -0.1294095225512604,
                0.0
            ],
            [
                -0.8365163037378078,
                0.25881904510252074,
                0.48296291314453427,
                0.0
            ],
            [
                -2.509548911213424,
                0.7764571353075622,
                1.4488887394336027,
                1.0
            ]
        ]
    },
    "forwardcam040": {
        "parameters": {
            "resx": 960,
            "resy": 540,
            "focal": 1158.821285615648,
            "aperture": 41.4214
        },
        "extrinsic_matrix": [
            [
                0.6427876096865394,
                0.0,
                0.766044443118978,
                0.0
            ],
            [
                0.19826689127414615,
                0.9659258262890683,
                -0.16636567534280192,
                0.0
            ],
            [
                -0.739942111693848,
                0.25881904510252074,
                0.6208851530148457,
                0.0
            ],
            [
                -2.219826335081544,
                0.7764571353075622,
                1.862655459044537,
                1.0
            ]
        ]
    },
    "forwardcam041": {
        "parameters": {
            "resx": 960,
            "resy": 540,
            "focal": 1158.821285615648,
            "aperture": 41.4214
        },
        "extrinsic_matrix": [
            [
                0.766044443118978,
                0.0,
                0.6427876096865393,
                0.0
            ],
            [
                0.1663656753428019,
                0.9659258262890683,
                -0.19826689127414615,
                0.0
            ],
            [
                -0.6208851530148456,
                0.25881904510252074,
                0.739942111693848,
                0.0
            ],
            [
                -1.8626554590445368,
                0.7764571353075622,
                2.219826335081544,
                1.0
            ]
        ]
    },
    "forwardcam042": {
        "parameters": {
            "resx": 960,
            "resy": 540,
            "focal": 1158.821285615648,
            "aperture": 41.4214
        },
        "extrinsic_matrix": [
            [
                0.8660254037844387,
                0.0,
                0.49999999999999994,
                0.0
            ],
            [
                0.12940952255126034,
                0.9659258262890683,
                -0.2241438680420134,
                0.0
            ],
            [
                -0.4829629131445341,
                0.25881904510252074,
                0.8365163037378079,
                0.0
            ],
            [
                -1.4488887394336023,
                0.7764571353075622,
                2.509548911213424,
                1.0
            ]
        ]
    },
    "forwardcam043": {
        "parameters": {
            "resx": 960,
            "resy": 540,
            "focal": 1158.821285615648,
            "aperture": 41.4214
        },
        "extrinsic_matrix": [
            [
                0.9396926207859084,
                0.0,
                0.3420201433256687,
                0.0
            ],
            [
                0.08852132690137686,
                0.9659258262890683,
                -0.24321034680169396,
                0.0
            ],
            [
                -0.33036608954935215,
                0.25881904510252074,
                0.9076733711903687,
                0.0
            ],
            [
                -0.9910982686480564,
                0.7764571353075622,
                2.7230201135711063,
                1.0
            ]
        ]
    },
    "forwardcam044": {
        "parameters": {
            "resx": 960,
            "resy": 540,
            "focal": 1158.821285615648,
            "aperture": 41.4214
        },
        "extrinsic_matrix": [
            [
                0.984807753012208,
                0.0,
                0.17364817766693033,
                0.0
            ],
            [
                0.044943455527547777,
                0.9659258262890683,
                -0.25488700224417876,
                0.0
            ],
            [
                -0.16773125949652062,
                0.25881904510252074,
                0.9512512425641977,
                0.0
            ],
            [
                -0.5031937784895619,
                0.7764571353075622,
                2.8537537276925935,
                1.0
            ]
        ]
    },
    "forwardcam045": {
        "parameters": {
            "resx": 960,
            "resy": 540,
            "focal": 1158.821285615648,
            "aperture": 41.4214
        },
        "extrinsic_matrix": [
            [
                1.0,
                0.0,
                0.0,
                0.0
            ],
            [
                0.0,
                0.9659258262890683,
                -0.25881904510252074,
                0.0
            ],
            [
                0.0,
                0.25881904510252074,
                0.9659258262890683,
                0.0
            ],
            [
                0.0,
                0.7764571353075622,
                2.897777478867205,
                1.0
            ]
        ]
    },
    "forwardcam046": {
        "parameters": {
            "resx": 960,
            "resy": 540,
            "focal": 1158.821285615648,
            "aperture": 41.4214
        },
        "extrinsic_matrix": [
            [
                0.984807753012208,
                0.0,
                -0.17364817766693033,
                0.0
            ],
            [
                -0.044943455527547777,
                0.9659258262890683,
                -0.25488700224417876,
                0.0
            ],
            [
                0.16773125949652062,
                0.25881904510252074,
                0.9512512425641977,
                0.0
            ],
            [
                0.5031937784895619,
                0.7764571353075622,
                2.8537537276925935,
                1.0
            ]
        ]
    },
    "forwardcam047": {
        "parameters": {
            "resx": 960,
