{
    "camera_angle_x": 0.7853989104731897,
    "frames": [
        {
            "file_path": "./images/forwardcam000_1",
            "transform_matrix": [
                [
                    0.8660254037844386,
                    0.0,
                    0.5000000000000001,
                    1.5000000000000004
                ],
                [
                    0.5000000000000001,
                    0.0,
                    -0.8660254037844386,
                    -2.598076211353316
                ],
                [
                    0.0,
                    1.0,
                    0.0,
                    0.0
                ],
                [
                    0.0,
                    0.0,
                    0.0,
                    1.0
                ]
            ]
        },
        {
            "file_path": "./images/forwardcam001_1",
            "transform_matrix": [
                [
                    0.766044443118978,
                    0.0,
                    0.6427876096865394,
                    1.9283628290596182
                ],
                [
                    0.6427876096865394,
                    0.0,
                    -0.766044443118978,
                    -2.298133329356934
                ],
                [
                    0.0,
                    1.0,
                    0.0,
                    0.0
                ],
                [
                    0.0,
                    0.0,
                    0.0,
                    1.0
                ]
            ]
        },
        {
            "file_path": "./images/forwardcam002_1",
            "transform_matrix": [
                [
                    0.6427876096865393,
                    0.0,
                    0.766044443118978,
                    2.298133329356934
                ],
                [
                    0.766044443118978,
                    0.0,
                    -0.6427876096865393,
                    -1.9283628290596178
                ],
                [
                    0.0,
                    1.0,
                    0.0,
                    0.0
                ],
                [
                    0.0,
                    0.0,
                    0.0,
                    1.0
                ]
            ]
        },
        {
            "file_path": "./images/forwardcam003_1",
            "transform_matrix": [
                [
                    0.49999999999999994,
                    0.0,
                    0.8660254037844387,
                    2.598076211353316
                ],
                [
                    0.8660254037844387,
                    0.0,
                    -0.49999999999999994,
                    -1.4999999999999998
                ],
                [
                    0.0,
                    1.0,
                    0.0,
                    0.0
                ],
                [
                    0.0,
                    0.0,
                    0.0,
                    1.0
                ]
            ]
        },
        {
            "file_path": "./images/forwardcam004_1",
            "transform_matrix": [
                [
                    0.3420201433256687,
                    0.0,
                    0.9396926207859084,
                    2.8190778623577253
                ],
                [
                    0.9396926207859084,
                    0.0,
                    -0.3420201433256687,
                    -1.0260604299770062
                ],
                [
                    0.0,
                    1.0,
                    0.0,
                    0.0
                ],
                [
                    0.0,
                    0.0,
                    0.0,
                    1.0
                ]
            ]
        },
        {
            "file_path": "./images/forwardcam005_1",
            "transform_matrix": [
                [
                    0.17364817766693036,
                    0.0,
                    0.984807753012208,
                    2.954423259036624
                ],
                [
                    0.984807753012208,
                    0.0,
                    -0.17364817766693036,
                    -0.520944533000791
                ],
                [
                    0.0,
                    1.0,
                    0.0,
                    0.0
                ],
                [
                    0.0,
                    0.0,
                    0.0,
                    1.0
                ]
            ]
        },
        {
            "file_path": "./images/forwardcam006_1",
            "transform_matrix": [
                [
                    0.0,
                    0.0,
                    1.0,
                    3.0
                ],
                [
                    1.0,
                    0.0,
                    0.0,
                    0.0
                ],
                [
                    0.0,
                    1.0,
                    0.0,
                    0.0
                ],
                [
                    0.0,
                    0.0,
                    0.0,
                    1.0
                ]
            ]
        },
        {
            "file_path": "./images/forwardcam007_1",
            "transform_matrix": [
                [
                    -0.17364817766693036,
                    0.0,
                    0.984807753012208,
                    2.954423259036624
                ],
                [
                    0.984807753012208,
                    0.0,
                    0.17364817766693036,
                    0.520944533000791
                ],
                [
                    0.0,
                    1.0,
                    0.0,
                    0.0
                ],
                [
                    0.0,
                    0.0,
                    0.0,
                    1.0
                ]
            ]
        },
        {
            "file_path": "./images/forwardcam008_1",
            "transform_matrix": [
                [
                    -0.3420201433256687,
                    0.0,
                    0.9396926207859084,
                    2.8190778623577253
                ],
                [
                    0.9396926207859084,
                    0.0,
                    0.3420201433256687,
                    1.0260604299770062
                ],
                [
                    0.0,
                    1.0,
                    0.0,
                    0.0
                ],
                [
                    0.0,
                    0.0,
                    0.0,
                    1.0
                ]
            ]
        },
        {
            "file_path": "./images/forwardcam009_1",
            "transform_matrix": [
                [
                    -0.49999999999999994,
                    0.0,
                    0.8660254037844387,
                    2.598076211353316
                ],
                [
                    0.8660254037844387,
                    0.0,
                    0.49999999999999994,
                    1.4999999999999998
                ],
                [
                    0.0,
                    1.0,
                    0.0,
                    0.0
                ],
                [
                    0.0,
                    0.0,
                    0.0,
                    1.0
                ]
            ]
        },
        {
            "file_path": "./images/forwardcam010_1",
            "transform_matrix": [
                [
                    -0.6427876096865393,
                    0.0,
                    0.766044443118978,
                    2.298133329356934
                ],
                [
                    0.766044443118978,
                    0.0,
                    0.6427876096865393,
                    1.9283628290596178
                ],
                [
                    0.0,
                    1.0,
                    0.0,
                    0.0
                ],
                [
                    0.0,
                    0.0,
                    0.0,
                    1.0
                ]
            ]
        },
        {
            "file_path": "./images/forwardcam011_1",
            "transform_matrix": [
                [
                    -0.766044443118978,
                    0.0,
                    0.6427876096865394,
                    1.9283628290596182
                ],
                [
                    0.6427876096865394,
                    0.0,
                    0.766044443118978,
                    2.298133329356934
                ],
                [
                    0.0,
                    1.0,
                    0.0,
                    0.0
                ],
                [
                    0.0,
                    0.0,
                    0.0,
                    1.0
                ]
            ]
        },
        {
            "file_path": "./images/forwardcam012_1",
            "transform_matrix": [
                [
                    -0.8660254037844386,
                    0.0,
                    0.5000000000000001,
                    1.5000000000000004
                ],
                [
                    0.5000000000000001,
                    0.0,
                    0.8660254037844386,
                    2.598076211353316
                ],
                [
                    0.0,
                    1.0,
                    0.0,
                    0.0
                ],
                [
                    0.0,
                    0.0,
                    0.0,
                    1.0
                ]
            ]
        },
        {
            "file_path": "./images/forwardcam013_1",
            "transform_matrix": [
                [
                    0.8660254037844386,
                    -0.04357787137382909,
                    0.4980973490458729,
                    1.4942920471376187
                ],
                [
                    0.5000000000000001,
                    0.07547908730517332,
                    -0.8627299156628209,
                    -2.5881897469884625
                ],
                [
                    0.0,
                    0.9961946980917455,
                    0.08715574274765817,
                    0.2614672282429745
                ],
                [
                    0.0,
                    0.0,
                    0.0,
                    1.0
                ]
            ]
        },
        {
            "file_path": "./images/forwardcam014_1",
            "transform_matrix": [
                [
                    0.766044443118978,
                    -0.056022631551222134,
                    0.6403416087687969,
                    1.9210248263063907
                ],
                [
                    0.6427876096865394,
                    0.0667651724177507,
                    -0.7631294127377697,
                    -2.2893882382133093
                ],
                [
                    0.0,
                    0.9961946980917455,
                    0.08715574274765817,
                    0.2614672282429745
                ],
                [
                    0.0,
                    0.0,
                    0.0,
                    1.0
                ]
            ]
        },
        {
            "file_path": "./images/forwardcam015_1",
            "transform_matrix": [
                [
                    0.6427876096865393,
                    -0.06676517241775072,
                    0.7631294127377698,
                    2.2893882382133093
                ],
                [
                    0.7660444431189781,
                    0.05602263155122212,
                    -0.6403416087687968,
                    -1.9210248263063903
                ],
                [
                    0.0,
                    0.9961946980917455,
                    0.08715574274765817,
                    0.2614672282429745
                ],
                [
                    0.0,
                    0.0,
                    0.0,
                    1.0
                ]
            ]
        },
        {
            "file_path": "./images/forwardcam016_1",
            "transform_matrix": [
                [
                    0.49999999999999994,
                    -0.07547908730517333,
                    0.862729915662821,
                    2.588189746988463
                ],
                [
                    0.8660254037844387,
                    0.043577871373829076,
                    -0.4980973490458727,
                    -1.4942920471376182
                ],
                [
                    0.0,
                    0.9961946980917455,
                    0.08715574274765817,
                    0.2614672282429745
                ],
                [
                    0.0,
                    0.0,
                    0.0,
                    1.0
                ]
            ]
        },
        {
            "file_path": "./images/forwardcam017_1",
            "transform_matrix": [
                [
                    0.3420201433256687,
                    -0.08189960831908934,
                    0.9361168066628592,
                    2.8083504199885776
                ],
                [
                    0.9396926207859084,
                    0.029809019626209157,
                    -0.34071865342161006,
                    -1.0221559602648302
                ],
                [
                    0.0,
                    0.9961946980917455,
                    0.08715574274765817,
                    0.2614672282429745
                ],
                [
                    0.0,
                    0.0,
                    0.0,
                    1.0
                ]
            ]
        },
        {
            "file_path": "./images/forwardcam018_1",
            "transform_matrix": [
                [
                    0.17364817766693033,
                    -0.08583165117743129,
                    0.9810602621904069,
                    2.943180786571221
                ],
                [
                    0.984807753012208,
                    0.01513443590133862,
                    -0.17298739392508944,
                    -0.5189621817752684
                ],
                [
                    0.0,
                    0.9961946980917455,
                    0.08715574274765817,
                    0.2614672282429745
                ],
                [
                    0.0,
                    0.0,
                    0.0,
                    1.0
                ]
            ]
        },
        {
            "file_path": "./images/forwardcam019_1",
            "transform_matrix": [
                [
                    0.0,
                    -0.08715574274765817,
                    0.9961946980917455,
                    2.988584094275237
                ],
                [
                    1.0,
                    0.0,
                    0.0,
                    0.0
                ],
                [
                    0.0,
                    0.9961946980917455,
                    0.08715574274765817,
                    0.2614672282429745
                ],
                [
                    0.0,
                    0.0,
                    0.0,
                    1.0
                ]
            ]
        },
        {
            "file_path": "./images/forwardcam020_1",
            "transform_matrix": [
                [
                    -0.17364817766693033,
                    -0.08583165117743129,
                    0.9810602621904069,
                    2.943180786571221
                ],
                [
                    0.984807753012208,
                    -0.01513443590133862,
                    0.17298739392508944,
                    0.5189621817752684
                ],
                [
                    0.0,
                    0.9961946980917455,
                    0.08715574274765817,
                    0.2614672282429745
                ],
                [
                    0.0,
                    0.0,
                    0.0,
                    1.0
                ]
            ]
        },
        {
            "file_path": "./images/forwardcam021_1",
            "transform_matrix": [
                [
                    -0.3420201433256687,
                    -0.08189960831908934,
                    0.9361168066628592,
                    2.8083504199885776
                ],
                [
                    0.9396926207859084,
                    -0.029809019626209157,
                    0.34071865342161006,
                    1.0221559602648302
                ],
                [
                    0.0,
                    0.9961946980917455,
                    0.08715574274765817,
                    0.2614672282429745
                ],
                [
                    0.0,
                    0.0,
                    0.0,
                    1.0
                ]
            ]
        },
        {
            "file_path": "./images/forwardcam022_1",
            "transform_matrix": [
                [
                    -0.49999999999999994,
                    -0.07547908730517333,
                    0.862729915662821,
                    2.588189746988463
                ],
                [
                    0.8660254037844387,
                    -0.043577871373829076,
                    0.4980973490458727,
                    1.4942920471376182
                ],
                [
                    0.0,
                    0.9961946980917455,
                    0.08715574274765817,
                    0.2614672282429745
                ],
                [
                    0.0,
                    0.0,
                    0.0,
                    1.0
                ]
            ]
        },
        {
            "file_path": "./images/forwardcam023_1",
            "transform_matrix": [
                [
                    -0.6427876096865393,
                    -0.06676517241775072,
                    0.7631294127377698,
                    2.2893882382133093
                ],
                [
                    0.7660444431189781,
                    -0.05602263155122212,
                    0.6403416087687968,
                    1.9210248263063903
                ],
                [
                    0.0,
                    0.9961946980917455,
                    0.08715574274765817,
                    0.2614672282429745
                ],
                [
                    0.0,
                    0.0,
                    0.0,
                    1.0
                ]
            ]
        },
        {
            "file_path": "./images/forwardcam024_1",
            "transform_matrix": [
                [
                    -0.766044443118978,
                    -0.056022631551222134,
                    0.6403416087687969,
                    1.9210248263063907
                ],
                [
                    0.6427876096865394,
                    -0.0667651724177507,
                    0.7631294127377697,
                    2.2893882382133093
                ],
                [
                    0.0,
                    0.9961946980917455,
                    0.08715574274765817,
                    0.2614672282429745
                ],
                [
                    0.0,
                    0.0,
                    0.0,
                    1.0
                ]
            ]
        },
        {
            "file_path": "./images/forwardcam025_1",
            "transform_matrix": [
                [
                    -0.8660254037844386,
                    -0.04357787137382909,
                    0.4980973490458729,
                    1.4942920471376187
                ],
                [
                    0.5000000000000001,
                    -0.07547908730517332,
                    0.8627299156628209,
                    2.5881897469884625
                ],
                [
                    0.0,
                    0.9961946980917455,
                    0.08715574274765817,
                    0.2614672282429745
                ],
                [
                    0.0,
                    0.0,
                    0.0,
                    1.0
                ]
            ]
        },
        {
            "file_path": "./images/forwardcam026_1",
            "transform_matrix": [
                [
                    0.8660254037844386,
                    -0.0868240888334652,
                    0.4924038765061041,
                    1.4772116295183122
                ],
                [
                    0.5000000000000001,
                    0.1503837331804353,
                    -0.8528685319524432,
                    -2.5586055958573293
                ],
                [
                    0.0,
                    0.984807753012208,
                    0.17364817766693036,
                    0.520944533000791
                ],
                [
                    0.0,
                    0.0,
                    0.0,
                    1.0
                ]
            ]
        },
        {
            "file_path": "./images/forwardcam027_1",
            "transform_matrix": [
                [
                    0.766044443118978,
                    -0.11161889704894967,
                    0.6330222215594891,
                    1.899066664678467
                ],
                [
                    0.6427876096865394,
                    0.13302222155948903,
                    -0.7544065067354889,
                    -2.2632195202064667
                ],
                [
                    0.0,
                    0.984807753012208,
                    0.17364817766693036,
                    0.520944533000791
                ],
                [
                    0.0,
                    0.0,
                    0.0,
                    1.0
                ]
            ]
        },
        {
            "file_path": "./images/forwardcam028_1",
            "transform_matrix": [
                [
                    0.6427876096865393,
                    -0.13302222155948903,
                    0.7544065067354889,
                    2.2632195202064667
                ],
                [
                    0.766044443118978,
                    0.11161889704894966,
                    -0.633022221559489,
                    -1.8990666646784666
                ],
                [
                    0.0,
                    0.984807753012208,
                    0.17364817766693036,
                    0.520944533000791
                ],
                [
                    0.0,
                    0.0,
                    0.0,
                    1.0
                ]
            ]
        },
        {
            "file_path": "./images/forwardcam029_1",
            "transform_matrix": [
                [
                    0.49999999999999983,
                    -0.1503837331804353,
                    0.8528685319524433,
                    2.5586055958573297
                ],
                [
                    0.8660254037844387,
                    0.08682408883346514,
                    -0.49240387650610384,
                    -1.4772116295183118
                ],
                [
                    0.0,
                    0.984807753012208,
                    0.17364817766693033,
                    0.520944533000791
                ],
                [
                    0.0,
                    0.0,
                    0.0,
                    1.0
                ]
            ]
        },
        {
            "file_path": "./images/forwardcam030_1",
            "transform_matrix": [
                [
                    0.3420201433256687,
                    -0.16317591116653485,
                    0.9254165783983234,
                    2.7762497351949698
                ],
                [
                    0.9396926207859084,
                    0.059391174613884705,
                    -0.33682408883346515,
                    -1.0104722665003953
                ],
                [
                    0.0,
                    0.984807753012208,
                    0.17364817766693036,
                    0.520944533000791
                ],
                [
                    0.0,
                    0.0,
                    0.0,
                    1.0
                ]
            ]
        },
        {
            "file_path": "./images/forwardcam031_1",
            "transform_matrix": [
                [
                    0.1736481776669303,
                    -0.17101007166283436,
                    0.9698463103929541,
                    2.9095389311788624
                ],
                [
                    0.984807753012208,
                    0.030153689607045803,
                    -0.17101007166283433,
                    -0.513030214988503
                ],
                [
                    0.0,
                    0.984807753012208,
                    0.17364817766693036,
                    0.520944533000791
                ],
                [
                    0.0,
                    0.0,
                    0.0,
                    1.0
                ]
            ]
        },
        {
            "file_path": "./images/forwardcam032_1",
            "transform_matrix": [
                [
                    0.0,
                    -0.17364817766693036,
                    0.984807753012208,
                    2.954423259036624
                ],
                [
                    1.0,
                    0.0,
                    0.0,
                    0.0
                ],
                [
                    0.0,
                    0.984807753012208,
                    0.17364817766693036,
                    0.520944533000791
                ],
                [
                    0.0,
                    0.0,
                    0.0,
                    1.0
                ]
            ]
        },
        {
            "file_path": "./images/forwardcam033_1",
            "transform_matrix": [
                [
                    -0.1736481776669303,
                    -0.17101007166283436,
                    0.9698463103929541,
                    2.9095389311788624
                ],
                [
                    0.984807753012208,
                    -0.030153689607045803,
                    0.17101007166283433,
                    0.513030214988503
                ],
                [
                    0.0,
                    0.984807753012208,
                    0.17364817766693036,
                    0.520944533000791
                ],
                [
                    0.0,
                    0.0,
                    0.0,
                    1.0
                ]
            ]
        },
        {
            "file_path": "./images/forwardcam034_1",
            "transform_matrix": [
                [
                    -0.3420201433256687,
                    -0.16317591116653485,
                    0.9254165783983234,
                    2.7762497351949698
                ],
                [
                    0.9396926207859084,
                    -0.059391174613884705,
                    0.33682408883346515,
                    1.0104722665003953
                ],
                [
                    0.0,
                    0.984807753012208,
                    0.17364817766693036,
                    0.520944533000791
                ],
                [
                    0.0,
                    0.0,
                    0.0,
                    1.0
                ]
            ]
        },
        {
            "file_path": "./images/forwardcam035_1",
            "transform_matrix": [
                [
                    -0.49999999999999983,
                    -0.1503837331804353,
                    0.8528685319524433,
                    2.5586055958573297
                ],
                [
                    0.8660254037844387,
                    -0.08682408883346514,
                    0.49240387650610384,
                    1.4772116295183118
                ],
                [
                    0.0,
                    0.984807753012208,
                    0.17364817766693033,
                    0.520944533000791
                ],
                [
                    0.0,
                    0.0,
                    0.0,
                    1.0
                ]
            ]
        },
        {
            "file_path": "./images/forwardcam036_1",
            "transform_matrix": [
                [
                    -0.6427876096865393,
                    -0.13302222155948903,
                    0.7544065067354889,
                    2.2632195202064667
                ],
                [
                    0.766044443118978,
                    -0.11161889704894966,
                    0.633022221559489,
                    1.8990666646784666
                ],
                [
                    0.0,
                    0.984807753012208,
                    0.17364817766693036,
                    0.520944533000791
                ],
                [
                    0.0,
                    0.0,
                    0.0,
                    1.0
                ]
            ]
        },
        {
            "file_path": "./images/forwardcam037_1",
            "transform_matrix": [
                [
                    -0.766044443118978,
                    -0.11161889704894967,
                    0.6330222215594891,
                    1.899066664678467
                ],
                [
                    0.6427876096865394,
                    -0.13302222155948903,
                    0.7544065067354889,
                    2.2632195202064667
                ],
                [
                    0.0,
                    0.984807753012208,
                    0.17364817766693036,
                    0.520944533000791
                ],
                [
                    0.0,
                    0.0,
                    0.0,
                    1.0
                ]
            ]
        },
        {
            "file_path": "./images/forwardcam038_1",
            "transform_matrix": [
                [
                    -0.8660254037844386,
                    -0.0868240888334652,
                    0.4924038765061041,
                    1.4772116295183122
                ],
                [
                    0.5000000000000001,
                    -0.1503837331804353,
                    0.8528685319524432,
                    2.5586055958573293
                ],
                [
                    0.0,
                    0.984807753012208,
                    0.17364817766693036,
                    0.520944533000791
                ],
                [
                    0.0,
                    0.0,
                    0.0,
                    1.0
                ]
            ]
        },
        {
            "file_path": "./images/forwardcam039_1",
            "transform_matrix": [
                [
                    0.8660254037844386,
                    -0.1294095225512604,
                    0.48296291314453427,
                    1.4488887394336027
                ],
                [
                    0.5000000000000001,
                    0.22414386804201336,
                    -0.8365163037378078,
                    -2.509548911213424
                ],
                [
                    0.0,
                    0.9659258262890683,
                    0.25881904510252074,
                    0.7764571353075622
                ],
                [
                    0.0,
                    0.0,
                    0.0,
                    1.0
                ]
            ]
        },
        {
            "file_path": "./images/forwardcam040_1",
            "transform_matrix": [
                [
                    0.766044443118978,
                    -0.16636567534280192,
                    0.6208851530148457,
                    1.862655459044537
                ],
                [
                    0.6427876096865394,
                    0.19826689127414615,
                    -0.739942111693848,
                    -2.219826335081544
                ],
                [
                    0.0,
                    0.9659258262890683,
                    0.25881904510252074,
                    0.7764571353075622
                ],
                [
                    0.0,
                    0.0,
                    0.0,
                    1.0
                ]
            ]
        },
        {
            "file_path": "./images/forwardcam041_1",
            "transform_matrix": [
                [
                    0.6427876096865393,
                    -0.19826689127414615,
                    0.739942111693848,
                    2.219826335081544
                ],
                [
                    0.766044443118978,
                    0.1663656753428019,
                    -0.6208851530148456,
                    -1.8626554590445368
                ],
                [
                    0.0,
                    0.9659258262890683,
                    0.25881904510252074,
                    0.7764571353075622
                ],
                [
                    0.0,
                    0.0,
                    0.0,
                    1.0
                ]
            ]
        },
        {
            "file_path": "./images/forwardcam042_1",
            "transform_matrix": [
                [
                    0.49999999999999994,
                    -0.2241438680420134,
                    0.8365163037378079,
                    2.509548911213424
                ],
                [
                    0.8660254037844387,
                    0.12940952255126034,
                    -0.4829629131445341,
                    -1.4488887394336023
                ],
                [
                    0.0,
                    0.9659258262890683,
                    0.25881904510252074,
                    0.7764571353075622
                ],
                [
                    0.0,
                    0.0,
                    0.0,
                    1.0
                ]
            ]
        },
        {
            "file_path": "./images/forwardcam043_1",
            "transform_matrix": [
                [
                    0.3420201433256687,
                    -0.24321034680169396,
                    0.9076733711903687,
                    2.7230201135711063
                ],
                [
                    0.9396926207859084,
                    0.08852132690137686,
                    -0.33036608954935215,
                    -0.9910982686480564
                ],
                [
                    0.0,
                    0.9659258262890683,
                    0.25881904510252074,
                    0.7764571353075622
                ],
                [
                    0.0,
                    0.0,
                    0.0,
                    1.0
                ]
            ]
        },
        {
            "file_path": "./images/forwardcam044_1",
            "transform_matrix": [
                [
                    0.17364817766693033,
                    -0.25488700224417876,
                    0.9512512425641977,
                    2.8537537276925935
                ],
                [
                    0.984807753012208,
                    0.044943455527547777,
                    -0.16773125949652062,
                    -0.5031937784895619
                ],
                [
                    0.0,
                    0.9659258262890683,
                    0.25881904510252074,
                    0.7764571353075622
                ],
                [
                    0.0,
                    0.0,
                    0.0,
                    1.0
                ]
            ]
        },
        {
            "file_path": "./images/forwardcam045_1",
            "transform_matrix": [
                [
                    0.0,
                    -0.25881904510252074,
                    0.9659258262890683,
                    2.897777478867205
                ],
                [
                    1.0,
                    0.0,
                    0.0,
                    0.0
                ],
                [
                    0.0,
                    0.9659258262890683,
                    0.25881904510252074,
                    0.7764571353075622
                ],
                [
                    0.0,
                    0.0,
                    0.0,
                    1.0
                ]
            ]
        },
        {
            "file_path": "./images/forwardcam046_1",
            "transform_matrix": [
                [
                    -0.17364817766693033,
                    -0.25488700224417876,
                    0.9512512425641977,
                    2.8537537276925935
                ],
                [
                    0.984807753012208,
                    -0.044943455527547777,
                    0.16773125949652062,
                    0.5031937784895619
                ],
                [
                    0.0,
                    0.9659258262890683,
                    0.25881904510252074,
                    0.7764571353075622
                ],
                [
                    0.0,
                    0.0,
                    0.0,
                    1.0
                ]
            ]
        },
        {
            "file_path": "./images/forwardcam047_1",
            "transform_matrix": [
                [
                    -0.3420201433256687,
                    -0.24321034680169396,
                    0.9076733711903687,
                    2.7230201135711063
                ],
                [
                    0.9396926207859084,
                    -0.08852132690137686,
                    0.33036608954935215,
                    0.9910982686480564
                ],
                [
                    0.0,
                    0.9659258262890683,
                    0.25881904510252074,
                    0.7764571353075622
                ],
                [
                    0.0,
                    0.0,
                    0.0,
                    1.0
                ]
            ]
        },
        {
            "file_path": "./images/forwardcam048_1",
            "transform_matrix": [
                [
                    -0.49999999999999994,
                    -0.2241438680420134,
                    0.8365163037378079,
                    2.509548911213424
                ],
                [
                    0.8660254037844387,
                    -0.12940952255126034,
                    0.4829629131445341,
                    1.4488887394336023
                ],
                [
                    0.0,
                    0.9659258262890683,
                    0.25881904510252074,
                    0.7764571353075622
                ],
                [
                    0.0,
                    0.0,
                    0.0,
                    1.0
                ]
            ]
        },
        {
            "file_path": "./images/forwardcam049_1",
            "transform_matrix": [
                [
                    -0.6427876096865393,
                    -0.19826689127414615,
                    0.739942111693848,
                    2.219826335081544
                ],
                [
                    0.766044443118978,
