{
    "camera_angle_x": 0.7853989104731897,
    "frames": [
        {
            "file_path": "./images/forwardcam_sparse000_1",
            "transform_matrix": [
                [
                    0.8660254037844386,
                    0.0,
                    0.5000000000000001,
                    1.5000000000000004
                ],
                [
                    0.5000000000000001,
                    0.0,
                    -0.8660254037844386,
                    -2.598076211353316
                ],
                [
                    0.0,
                    1.0,
                    0.0,
                    0.0
                ],
                [
                    0.0,
                    0.0,
                    0.0,
                    1.0
                ]
            ]
        },
        {
            "file_path": "./images/forwardcam_sparse001_1",
            "transform_matrix": [
                [
                    0.0,
                    0.0,
                    1.0,
                    3.0
                ],
                [
                    1.0,
                    0.0,
                    0.0,
                    0.0
                ],
                [
                    0.0,
                    1.0,
                    0.0,
                    0.0
                ],
                [
                    0.0,
                    0.0,
                    0.0,
                    1.0
                ]
            ]
        },
        {
            "file_path": "./images/forwardcam_sparse002_1",
            "transform_matrix": [
                [
                    -0.8660254037844386,
                    0.0,
                    0.5000000000000001,
                    1.5000000000000004
                ],
                [
                    0.5000000000000001,
                    0.0,
                    0.8660254037844386,
                    2.598076211353316
                ],
                [
                    0.0,
                    1.0,
                    0.0,
                    0.0
                ],
                [
                    0.0,
                    0.0,
                    0.0,
                    1.0
                ]
            ]
        },
        {
            "file_path": "./images/forwardcam_sparse003_1",
            "transform_matrix": [
                [
                    0.8660254037844386,
                    -0.25,
                    0.43301270189221946,
                    1.2990381056766582
                ],
                [
                    0.5000000000000001,
                    0.43301270189221924,
                    -0.75,
                    -2.25
                ],
                [
                    0.0,
                    0.8660254037844387,
                    0.49999999999999994,
                    1.4999999999999998
                ],
                [
                    0.0,
                    0.0,
                    0.0,
                    1.0
                ]
            ]
        },
        {
            "file_path": "./images/forwardcam_sparse004_1",
            "transform_matrix": [
                [
                    0.0,
                    -0.49999999999999994,
                    0.8660254037844387,
                    2.598076211353316
                ],
                [
                    1.0,
                    0.0,
                    0.0,
                    0.0
                ],
                [
                    0.0,
                    0.8660254037844387,
                    0.49999999999999994,
                    1.4999999999999998
                ],
                [
                    0.0,
                    0.0,
                    0.0,
                    1.0
                ]
            ]
        },
        {
            "file_path": "./images/forwardcam_sparse005_1",
            "transform_matrix": [
                [
                    -0.8660254037844386,
                    -0.25,
                    0.43301270189221946,
                    1.2990381056766582
                ],
                [
                    0.5000000000000001,
                    -0.43301270189221924,
                    0.75,
                    2.25
                ],
                [
                    0.0,
                    0.8660254037844387,
                    0.49999999999999994,
                    1.4999999999999998
                ],
                [
                    0.0,
                    0.0,
                    0.0,
                    1.0
                ]
            ]
        }
    ]
}